T0 = 10
Rs = 530
tH = 86400
up = 50;50;50;50;50;50|50;50;50;50;50;50|50;50;50;50;50;50|50;50;50;50;50;50|50;50;50;50;50;50|50;50;50;50;50;50|50;50;50;50;50;50|50;50;50;50;50;50|50;50;50;50;50;50|50;50;50;50;50;50|50;50;50;50;50;50|50;50;50;50;50;50|50;50;50;50;50;50|50;50;50;50;50;50|50;50;50;50;50;50|50;50;50;50;50;50|50;50;50;50;50;50|50;50;50;50;50;50|50;50;50;50;50;50|50;50;50;50;50;50|50;50;50;50;50;50|50;50;50;50;50;50|50;50;50;50;50;50|50;50;50;50;50;50
uq = 6.4;6.6;8.7;10.5;3.4;11.2;12.7;0.3;3.1|6.80548;6.88686;8.67257;12.198;3.22923;10.9644;12.5809;0.334598;2.46218|5.64911;5.99653;7.95802;10.1079;4.20369;12.3415;14.3764;0.227146;3.65186|5.27397;6.21082;9.08759;12.7934;3.64976;11.5277;12.1619;0.327659;3.82363|6.43349;6.56728;7.20207;10.1217;3.90135;10.4638;15.618;0.274515;2.89968|5.51567;5.97082;7.06376;10.9694;2.63456;10.297;9.72437;0.29431;3.00089|5.21785;5.03162;7.0395;8.76738;2.58371;13.1194;13.282;0.247478;3.32404|5.37556;5.00672;7.66321;9.4138;2.7729;9.65747;10.8731;0.352469;3.16349|7.20088;6.54555;8.44211;10.7444;3.4872;8.5665;14.08;0.253449;3.74431|7.53767;6.92423;7.18336;12.879;3.57174;12.7914;12.381;0.365973;2.39514|6.3061;5.94981;9.4317;13.0683;2.75763;12.2067;10.8813;0.328094;2.59692|5.07523;6.73924;10.3945;9.33959;3.00983;8.70374;13.6371;0.232624;2.66773|5.95569;7.08633;7.80583;13.0815;2.93787;11.5656;15.4757;0.318765;3.36476|6.51749;7.70969;9.06094;10.454;3.30959;13.4234;11.4229;0.33892;2.61523|6.0076;5.22267;7.12467;10.4172;2.58026;13.3171;13.6584;0.324477;3.40191|7.9559;8.24378;6.57084;11.7951;3.69197;12.4923;9.59516;0.259362;3.29308|6.33492;5.92622;9.88038;10.5984;2.60281;8.66711;14.1632;0.22937;2.85909|4.82749;7.32595;9.79905;8.56757;3.10957;8.69664;9.72044;0.354891;3.14275|4.88208;7.37277;7.34633;12.8493;3.89337;12.9719;11.7376;0.310754;3.58757|7.44454;7.65869;8.26852;10.1009;2.84167;9.53208;14.1322;0.357196;3.86776|6.43444;5.65485;7.34645;10.6;2.6555;11.6078;10.0846;0.340432;2.71622|7.6137;5.88993;7.27126;12.2475;2.56764;12.9942;12.1961;0.269615;3.22646|5.4497;4.99668;9.93297;10.4026;3.66503;8.43169;13.3696;0.35253;2.62144|6.31337;7.41064;9.64882;8.32244;3.18244;11.8691;14.9733;0.331442;2.94496
ut = 0|3600|7200|10800|14400|18000|21600|25200|28800|32400|36000|39600|43200|46800|50400|54000|57600|61200|64800|68400|72000|75600|79200|82800
